0.5000E+00  0.9510E-03  0.9510E-03  0.5000E+00  0.1101E-02  0.9990E+00  0.9510E-03  0.1101E-02  0.5000E+00  0.5000E+00  0.5000E+00  0.9989E+00  0.5000E+00  0.9510E-03  0.9990E+00  0.5000E+00  0.9989E+00  0.9990E+00  0.9990E+00
0.1000E+01  0.2855E-02  0.2855E-02  0.5000E+00  0.3306E-02  0.9971E+00  0.2855E-02  0.3306E-02  0.5000E+00  0.5000E+00  0.5000E+00  0.9967E+00  0.5000E+00  0.2855E-02  0.9971E+00  0.5000E+00  0.9967E+00  0.9971E+00  0.9971E+00
0.1500E+01  0.5716E-02  0.5716E-02  0.5000E+00  0.6618E-02  0.9943E+00  0.5716E-02  0.6618E-02  0.5000E+00  0.5000E+00  0.5000E+00  0.9934E+00  0.5000E+00  0.5716E-02  0.9943E+00  0.5000E+00  0.9934E+00  0.9943E+00  0.9943E+00
0.2000E+01  0.9540E-02  0.9540E-02  0.5000E+00  0.1104E-01  0.9905E+00  0.9540E-02  0.1104E-01  0.5000E+00  0.5000E+00  0.5000E+00  0.9890E+00  0.5000E+00  0.9540E-02  0.9905E+00  0.5000E+00  0.9890E+00  0.9905E+00  0.9905E+00
0.2500E+01  0.1433E-01  0.1433E-01  0.5000E+00  0.1660E-01  0.9857E+00  0.1433E-01  0.1660E-01  0.5000E+00  0.5000E+00  0.5000E+00  0.9834E+00  0.5000E+00  0.1433E-01  0.9857E+00  0.5000E+00  0.9834E+00  0.9857E+00  0.9857E+00
0.3000E+01  0.2011E-01  0.2011E-01  0.5000E+00  0.2328E-01  0.9799E+00  0.2011E-01  0.2328E-01  0.5000E+00  0.5000E+00  0.5000E+00  0.9767E+00  0.5000E+00  0.2011E-01  0.9799E+00  0.5000E+00  0.9767E+00  0.9799E+00  0.9799E+00
0.3500E+01  0.2688E-01  0.2688E-01  0.5000E+00  0.3111E-01  0.9731E+00  0.2688E-01  0.3111E-01  0.5000E+00  0.5000E+00  0.5000E+00  0.9689E+00  0.5000E+00  0.2688E-01  0.9731E+00  0.5000E+00  0.9689E+00  0.9731E+00  0.9731E+00
0.4000E+01  0.3466E-01  0.3466E-01  0.5000E+00  0.4011E-01  0.9653E+00  0.3466E-01  0.4011E-01  0.5000E+00  0.5000E+00  0.5000E+00  0.9599E+00  0.5000E+00  0.3466E-01  0.9653E+00  0.5000E+00  0.9599E+00  0.9653E+00  0.9653E+00
0.4500E+01  0.4346E-01  0.4346E-01  0.5000E+00  0.5030E-01  0.9565E+00  0.4346E-01  0.5030E-01  0.5000E+00  0.5000E+00  0.5000E+00  0.9497E+00  0.5000E+00  0.4346E-01  0.9565E+00  0.5000E+00  0.9497E+00  0.9565E+00  0.9565E+00
0.5000E+01  0.5332E-01  0.5332E-01  0.5000E+00  0.6170E-01  0.9467E+00  0.5332E-01  0.6170E-01  0.5000E+00  0.5000E+00  0.5000E+00  0.9383E+00  0.5000E+00  0.5332E-01  0.9467E+00  0.5000E+00  0.9383E+00  0.9467E+00  0.9467E+00
0.5500E+01  0.6425E-01  0.6425E-01  0.5000E+00  0.7433E-01  0.9358E+00  0.6425E-01  0.7433E-01  0.5000E+00  0.5000E+00  0.5000E+00  0.9257E+00  0.5000E+00  0.6425E-01  0.9358E+00  0.5000E+00  0.9257E+00  0.9358E+00  0.9358E+00
0.6000E+01  0.7628E-01  0.7628E-01  0.5000E+00  0.8824E-01  0.9237E+00  0.7628E-01  0.8824E-01  0.5000E+00  0.5000E+00  0.5000E+00  0.9118E+00  0.5000E+00  0.7628E-01  0.9237E+00  0.5000E+00  0.9118E+00  0.9237E+00  0.9237E+00
0.6500E+01  0.8944E-01  0.8944E-01  0.5000E+00  0.1035E+00  0.9106E+00  0.8944E-01  0.1035E+00  0.5000E+00  0.5000E+00  0.5000E+00  0.8965E+00  0.5000E+00  0.8944E-01  0.9106E+00  0.5000E+00  0.8965E+00  0.9106E+00  0.9106E+00
0.7000E+01  0.1038E+00  0.1038E+00  0.5000E+00  0.1200E+00  0.8962E+00  0.1038E+00  0.1200E+00  0.5000E+00  0.5000E+00  0.5000E+00  0.8800E+00  0.5000E+00  0.1038E+00  0.8962E+00  0.5000E+00  0.8800E+00  0.8962E+00  0.8962E+00
0.7500E+01  0.1193E+00  0.1193E+00  0.5000E+00  0.1380E+00  0.8807E+00  0.1193E+00  0.1380E+00  0.5000E+00  0.5000E+00  0.5000E+00  0.8620E+00  0.5000E+00  0.1193E+00  0.8807E+00  0.5000E+00  0.8620E+00  0.8807E+00  0.8807E+00
0.8000E+01  0.1362E+00  0.1362E+00  0.5000E+00  0.1574E+00  0.8638E+00  0.1362E+00  0.1574E+00  0.5000E+00  0.5000E+00  0.5000E+00  0.8426E+00  0.5000E+00  0.1362E+00  0.8638E+00  0.5000E+00  0.8426E+00  0.8638E+00  0.8638E+00
0.8500E+01  0.1544E+00  0.1544E+00  0.5000E+00  0.1784E+00  0.8456E+00  0.1544E+00  0.1784E+00  0.5000E+00  0.5000E+00  0.5000E+00  0.8216E+00  0.5000E+00  0.1544E+00  0.8456E+00  0.5000E+00  0.8216E+00  0.8456E+00  0.8456E+00
0.9000E+01  0.1740E+00  0.1740E+00  0.5000E+00  0.2010E+00  0.8260E+00  0.1740E+00  0.2010E+00  0.5000E+00  0.5000E+00  0.5000E+00  0.7990E+00  0.5000E+00  0.1740E+00  0.8260E+00  0.5000E+00  0.7990E+00  0.8260E+00  0.8260E+00
0.9500E+01  0.1951E+00  0.1951E+00  0.5000E+00  0.2253E+00  0.8049E+00  0.1951E+00  0.2253E+00  0.5000E+00  0.5000E+00  0.5000E+00  0.7747E+00  0.5000E+00  0.1951E+00  0.8049E+00  0.5000E+00  0.7747E+00  0.8049E+00  0.8049E+00
0.1000E+02  0.2178E+00  0.2178E+00  0.5000E+00  0.2515E+00  0.7822E+00  0.2178E+00  0.2515E+00  0.5000E+00  0.5000E+00  0.5000E+00  0.7485E+00  0.5000E+00  0.2178E+00  0.7822E+00  0.5000E+00  0.7485E+00  0.7822E+00  0.7822E+00
0.1050E+02  0.2423E+00  0.2423E+00  0.5000E+00  0.2797E+00  0.7577E+00  0.2423E+00  0.2797E+00  0.5000E+00  0.5000E+00  0.5000E+00  0.7203E+00  0.5000E+00  0.2423E+00  0.7577E+00  0.5000E+00  0.7203E+00  0.7577E+00  0.7577E+00
0.1100E+02  0.2687E+00  0.2687E+00  0.5000E+00  0.3102E+00  0.7313E+00  0.2687E+00  0.3102E+00  0.5000E+00  0.5000E+00  0.5000E+00  0.6898E+00  0.5000E+00  0.2687E+00  0.7313E+00  0.5000E+00  0.6898E+00  0.7313E+00  0.7313E+00
0.1150E+02  0.2974E+00  0.2974E+00  0.5000E+00  0.3432E+00  0.7026E+00  0.2974E+00  0.3432E+00  0.5000E+00  0.5000E+00  0.5000E+00  0.6568E+00  0.5000E+00  0.2974E+00  0.7026E+00  0.5000E+00  0.6568E+00  0.7026E+00  0.7026E+00
0.1200E+02  0.3286E+00  0.3286E+00  0.5000E+00  0.3793E+00  0.6714E+00  0.3286E+00  0.3793E+00  0.5000E+00  0.5000E+00  0.5000E+00  0.6207E+00  0.5000E+00  0.3286E+00  0.6714E+00  0.5000E+00  0.6207E+00  0.6714E+00  0.6714E+00
0.1250E+02  0.3628E+00  0.3628E+00  0.5000E+00  0.4191E+00  0.6372E+00  0.3628E+00  0.4191E+00  0.5000E+00  0.5000E+00  0.5000E+00  0.5809E+00  0.5000E+00  0.3628E+00  0.6372E+00  0.5000E+00  0.5809E+00  0.6372E+00  0.6372E+00
0.1300E+02  0.4009E+00  0.4009E+00  0.5000E+00  0.4643E+00  0.5991E+00  0.4009E+00  0.4643E+00  0.5000E+00  0.5000E+00  0.5000E+00  0.5357E+00  0.5000E+00  0.4009E+00  0.5991E+00  0.5000E+00  0.5357E+00  0.5991E+00  0.5991E+00
0.1350E+02  0.4445E+00  0.4445E+00  0.5000E+00  0.5213E+00  0.5555E+00  0.4445E+00  0.5213E+00  0.5000E+00  0.5000E+00  0.5000E+00  0.4787E+00  0.5000E+00  0.4445E+00  0.5555E+00  0.5000E+00  0.4787E+00  0.5555E+00  0.5555E+00
0.1400E+02  0.4978E+00  0.4978E+00  0.5000E+00  0.5585E+00  0.5022E+00  0.4978E+00  0.5585E+00  0.5000E+00  0.5000E+00  0.5000E+00  0.4415E+00  0.5000E+00  0.4978E+00  0.5022E+00  0.5000E+00  0.4415E+00  0.5022E+00  0.5022E+00
0.1450E+02  0.6469E+00  0.6469E+00  0.5000E+00  0.5772E+00  0.3531E+00  0.6469E+00  0.5772E+00  0.5000E+00  0.5000E+00  0.5000E+00  0.4228E+00  0.5000E+00  0.6469E+00  0.3531E+00  0.5000E+00  0.4228E+00  0.3531E+00  0.3531E+00
0.1500E+02  0.7923E+00  0.7923E+00  0.5000E+00  0.5903E+00  0.2077E+00  0.7923E+00  0.5903E+00  0.5000E+00  0.5000E+00  0.5000E+00  0.4097E+00  0.5000E+00  0.7923E+00  0.2077E+00  0.5000E+00  0.4097E+00  0.2077E+00  0.2077E+00
0.1550E+02  0.9359E+00  0.9359E+00  0.5000E+00  0.5988E+00  0.6410E-01  0.9359E+00  0.5988E+00  0.5000E+00  0.5000E+00  0.5000E+00  0.4012E+00  0.5000E+00  0.9359E+00  0.6409E-01  0.5000E+00  0.4012E+00  0.6410E-01  0.6410E-01
0.1600E+02  0.1078E+01  0.1078E+01  0.5000E+00  0.6030E+00  -.7824E-01  0.1078E+01  0.6030E+00  0.5000E+00  0.5000E+00  0.5000E+00  0.3970E+00  0.5000E+00  0.1078E+01  -.7824E-01  0.5000E+00  0.3970E+00  -.7823E-01  -.7823E-01
0.1650E+02  0.1220E+01  0.1220E+01  0.5000E+00  0.6032E+00  -.2196E+00  0.1220E+01  0.6032E+00  0.5000E+00  0.5000E+00  0.5000E+00  0.3968E+00  0.5000E+00  0.1220E+01  -.2196E+00  0.5000E+00  0.3968E+00  -.2196E+00  -.2196E+00
0.1700E+02  0.1360E+01  0.1360E+01  0.5000E+00  0.5993E+00  -.3603E+00  0.1360E+01  0.5993E+00  0.5000E+00  0.5000E+00  0.5000E+00  0.4007E+00  0.5000E+00  0.1360E+01  -.3603E+00  0.5000E+00  0.4007E+00  -.3603E+00  -.3603E+00
0.1750E+02  0.1500E+01  0.1500E+01  0.5000E+00  0.5913E+00  -.5003E+00  0.1500E+01  0.5913E+00  0.5000E+00  0.5000E+00  0.5000E+00  0.4087E+00  0.5000E+00  0.1500E+01  -.5003E+00  0.5000E+00  0.4087E+00  -.5003E+00  -.5003E+00
0.1800E+02  0.1640E+01  0.1640E+01  0.5000E+00  0.5787E+00  -.6398E+00  0.1640E+01  0.5787E+00  0.5000E+00  0.5000E+00  0.5000E+00  0.4213E+00  0.5000E+00  0.1640E+01  -.6398E+00  0.5000E+00  0.4213E+00  -.6397E+00  -.6397E+00
0.1850E+02  0.1779E+01  0.1779E+01  0.5000E+00  0.5608E+00  -.7787E+00  0.1779E+01  0.5608E+00  0.5000E+00  0.5000E+00  0.5000E+00  0.4393E+00  0.5000E+00  0.1779E+01  -.7788E+00  0.5000E+00  0.4393E+00  -.7787E+00  -.7787E+00
0.1900E+02  0.1917E+01  0.1917E+01  0.5000E+00  0.5360E+00  -.9173E+00  0.1917E+01  0.5360E+00  0.5000E+00  0.5000E+00  0.5000E+00  0.4640E+00  0.5000E+00  0.1917E+01  -.9173E+00  0.5000E+00  0.4641E+00  -.9173E+00  -.9173E+00
0.1950E+02  0.2056E+01  0.2056E+01  0.5000E+00  0.4996E+00  -.1055E+01  0.2055E+01  0.4996E+00  0.5000E+00  0.5000E+00  0.5000E+00  0.5004E+00  0.5000E+00  0.2055E+01  -.1056E+01  0.5000E+00  0.5004E+00  -.1055E+01  -.1055E+01
0.2000E+02  0.2193E+01  0.2193E+01  0.4855E+00  0.1491E+01  -.1193E+01  0.2193E+01  0.1457E+01  0.4733E+00  0.4753E+00  0.4414E+00  -.4104E+00  0.4806E+00  0.2193E+01  -.1193E+01  0.4930E+00  -.3859E+00  -.1193E+01  -.1193E+01
0.2050E+02  0.2331E+01  0.2331E+01  0.4709E+00  0.2481E+01  -.1331E+01  0.2331E+01  0.2413E+01  0.4465E+00  0.4507E+00  0.3828E+00  -.1321E+01  0.4612E+00  0.2331E+01  -.1331E+01  0.4859E+00  -.1272E+01  -.1331E+01  -.1331E+01
0.2100E+02  0.2468E+01  0.2468E+01  0.4564E+00  0.3471E+01  -.1468E+01  0.2468E+01  0.3370E+01  0.4198E+00  0.4260E+00  0.3243E+00  -.2231E+01  0.4419E+00  0.2468E+01  -.1468E+01  0.4789E+00  -.2157E+01  -.1468E+01  -.1468E+01
0.2150E+02  0.2605E+01  0.2605E+01  0.4419E+00  0.4461E+01  -.1605E+01  0.2605E+01  0.4326E+01  0.3930E+00  0.4014E+00  0.2657E+00  -.3141E+01  0.4225E+00  0.2605E+01  -.1605E+01  0.4718E+00  -.3043E+01  -.1605E+01  -.1605E+01
0.2200E+02  0.2742E+01  0.2742E+01  0.4274E+00  0.5451E+01  -.1742E+01  0.2742E+01  0.5281E+01  0.3663E+00  0.3767E+00  0.2071E+00  -.4050E+01  0.4031E+00  0.2742E+01  -.1742E+01  0.4648E+00  -.3928E+01  -.1742E+01  -.1742E+01
0.2250E+02  0.2879E+01  0.2879E+01  0.4128E+00  0.6441E+01  -.1879E+01  0.2879E+01  0.6237E+01  0.3395E+00  0.3520E+00  0.1485E+00  -.4960E+01  0.3837E+00  0.2879E+01  -.1879E+01  0.4578E+00  -.4812E+01  -.1879E+01  -.1879E+01
0.2300E+02  0.3016E+01  0.3016E+01  0.3983E+00  0.7430E+01  -.2016E+01  0.3016E+01  0.7192E+01  0.3127E+00  0.3274E+00  0.8984E-01  -.5869E+01  0.3643E+00  0.3016E+01  -.2016E+01  0.4507E+00  -.5697E+01  -.2016E+01  -.2016E+01
0.2350E+02  0.3152E+01  0.3152E+01  0.3838E+00  0.8419E+01  -.2152E+01  0.3152E+01  0.8148E+01  0.2860E+00  0.3027E+00  0.3123E-01  -.6778E+01  0.3449E+00  0.3152E+01  -.2152E+01  0.4437E+00  -.6582E+01  -.2152E+01  -.2152E+01
0.2400E+02  0.3289E+01  0.3289E+01  0.3692E+00  0.9408E+01  -.2289E+01  0.3289E+01  0.9103E+01  0.2592E+00  0.2780E+00  -.2739E-01  -.7687E+01  0.3255E+00  0.3289E+01  -.2289E+01  0.4366E+00  -.7466E+01  -.2289E+01  -.2289E+01
0.2450E+02  0.3425E+01  0.3425E+01  0.3547E+00  0.1040E+02  -.2425E+01  0.3425E+01  0.1006E+02  0.2325E+00  0.2533E+00  -.8602E-01  -.8596E+01  0.3061E+00  0.3425E+01  -.2425E+01  0.4296E+00  -.8350E+01  -.2425E+01  -.2425E+01
0.2500E+02  0.3562E+01  0.3562E+01  0.3402E+00  0.1139E+02  -.2562E+01  0.3562E+01  0.1101E+02  0.2057E+00  0.2287E+00  -.1446E+00  -.9504E+01  0.2867E+00  0.3561E+01  -.2562E+01  0.4225E+00  -.9234E+01  -.2561E+01  -.2561E+01
0.2550E+02  0.3698E+01  0.3698E+01  0.3256E+00  0.1237E+02  -.2698E+01  0.3698E+01  0.1197E+02  0.1790E+00  0.2040E+00  -.2033E+00  -.1041E+02  0.2673E+00  0.3698E+01  -.2698E+01  0.4155E+00  -.1012E+02  -.2698E+01  -.2698E+01
0.2600E+02  0.3835E+01  0.3834E+01  0.3111E+00  0.1336E+02  -.2835E+01  0.3834E+01  0.1292E+02  0.1522E+00  0.1793E+00  -.2619E+00  -.1132E+02  0.2479E+00  0.3834E+01  -.2834E+01  0.4085E+00  -.1100E+02  -.2834E+01  -.2834E+01
0.2650E+02  0.3971E+01  0.3971E+01  0.2966E+00  0.1435E+02  -.2971E+01  0.3970E+01  0.1388E+02  0.1255E+00  0.1546E+00  -.3205E+00  -.1223E+02  0.2285E+00  0.3970E+01  -.2971E+01  0.4014E+00  -.1189E+02  -.2970E+01  -.2970E+01
0.2700E+02  0.4107E+01  0.4107E+01  0.2821E+00  0.1534E+02  -.3107E+01  0.4106E+01  0.1483E+02  0.9875E-01  0.1299E+00  -.3792E+00  -.1314E+02  0.2091E+00  0.4106E+01  -.3107E+01  0.3944E+00  -.1277E+02  -.3106E+01  -.3106E+01
0.2750E+02  0.4243E+01  0.4243E+01  0.2675E+00  0.1633E+02  -.3243E+01  0.4242E+01  0.1579E+02  0.7200E-01  0.1053E+00  -.4378E+00  -.1405E+02  0.1897E+00  0.4242E+01  -.3243E+01  0.3873E+00  -.1365E+02  -.3242E+01  -.3242E+01
0.2800E+02  0.4379E+01  0.4379E+01  0.2530E+00  0.1732E+02  -.3379E+01  0.4378E+01  0.1674E+02  0.4526E-01  0.8056E-01  -.4964E+00  -.1495E+02  0.1704E+00  0.4378E+01  -.3379E+01  0.3803E+00  -.1454E+02  -.3378E+01  -.3378E+01
0.2850E+02  0.4515E+01  0.4515E+01  0.2385E+00  0.1831E+02  -.3515E+01  0.4514E+01  0.1769E+02  0.1851E-01  0.5587E-01  -.5551E+00  -.1586E+02  0.1510E+00  0.4514E+01  -.3515E+01  0.3732E+00  -.1542E+02  -.3513E+01  -.3514E+01
0.2900E+02  0.4651E+01  0.4651E+01  0.2240E+00  0.1929E+02  -.3651E+01  0.4650E+01  0.1865E+02  -.8228E-02  0.3118E-01  -.6137E+00  -.1677E+02  0.1316E+00  0.4649E+01  -.3651E+01  0.3662E+00  -.1630E+02  -.3649E+01  -.3650E+01
0.2950E+02  0.4787E+01  0.4787E+01  0.2095E+00  0.2028E+02  -.3787E+01  0.4786E+01  0.1960E+02  -.3497E-01  0.6490E-02  -.6724E+00  -.1768E+02  0.1122E+00  0.4785E+01  -.3787E+01  0.3592E+00  -.1719E+02  -.3785E+01  -.3786E+01
0.3000E+02  0.4923E+01  0.4922E+01  0.1949E+00  0.2127E+02  -.3923E+01  0.4921E+01  0.2056E+02  -.6171E-01  -.1820E-01  -.7310E+00  -.1859E+02  0.9280E-01  0.4921E+01  -.3923E+01  0.3521E+00  -.1807E+02  -.3921E+01  -.3921E+01
